starttime	seconds	ctime	dtime	ttime	wait
Sat Sep 07 22:57:00 2019	1567877220	0	2	3	1
Sat Sep 07 22:57:00 2019	1567877220	1	5	6	4
Sat Sep 07 22:57:00 2019	1567877220	1	6	7	6
Sat Sep 07 22:57:00 2019	1567877220	1	6	7	6
Sat Sep 07 22:57:00 2019	1567877220	1	7	8	7
Sat Sep 07 22:57:00 2019	1567877220	1	8	9	8
Sat Sep 07 22:57:00 2019	1567877220	1	10	10	9
Sat Sep 07 22:57:00 2019	1567877220	1	11	12	11
Sat Sep 07 22:57:01 2019	1567877221	0	12	12	12
Sat Sep 07 22:57:01 2019	1567877221	0	12	12	12
Sat Sep 07 22:57:01 2019	1567877221	0	12	12	12
Sat Sep 07 22:57:01 2019	1567877221	0	12	12	12
Sat Sep 07 22:57:01 2019	1567877221	0	12	12	12
Sat Sep 07 22:57:01 2019	1567877221	0	12	12	12
Sat Sep 07 22:57:01 2019	1567877221	0	12	13	12
Sat Sep 07 22:57:01 2019	1567877221	0	12	13	12
Sat Sep 07 22:57:00 2019	1567877220	1	12	13	12
Sat Sep 07 22:57:00 2019	1567877220	1	12	13	12
Sat Sep 07 22:57:00 2019	1567877220	1	13	14	13
Sat Sep 07 22:57:01 2019	1567877221	0	15	15	14
Sat Sep 07 22:57:01 2019	1567877221	0	15	15	15
Sat Sep 07 22:57:00 2019	1567877220	1	15	16	15
Sat Sep 07 22:57:00 2019	1567877220	1	16	16	16
Sat Sep 07 22:57:01 2019	1567877221	0	16	16	16
Sat Sep 07 22:57:01 2019	1567877221	0	16	16	16
Sat Sep 07 22:57:01 2019	1567877221	0	16	17	16
Sat Sep 07 22:57:01 2019	1567877221	0	16	17	16
Sat Sep 07 22:57:01 2019	1567877221	0	17	17	17
Sat Sep 07 22:57:01 2019	1567877221	0	17	17	17
Sat Sep 07 22:57:01 2019	1567877221	0	17	17	17
Sat Sep 07 22:57:01 2019	1567877221	0	17	17	17
Sat Sep 07 22:57:01 2019	1567877221	0	17	17	17
Sat Sep 07 22:57:01 2019	1567877221	0	17	17	17
Sat Sep 07 22:57:01 2019	1567877221	0	17	17	17
Sat Sep 07 22:57:01 2019	1567877221	0	17	17	17
Sat Sep 07 22:57:01 2019	1567877221	0	17	17	17
Sat Sep 07 22:57:01 2019	1567877221	0	17	17	17
Sat Sep 07 22:57:01 2019	1567877221	0	17	17	17
Sat Sep 07 22:57:01 2019	1567877221	0	17	17	17
Sat Sep 07 22:57:01 2019	1567877221	0	17	17	17
Sat Sep 07 22:57:01 2019	1567877221	0	17	17	17
Sat Sep 07 22:57:01 2019	1567877221	0	17	17	17
Sat Sep 07 22:57:01 2019	1567877221	0	17	17	17
Sat Sep 07 22:57:01 2019	1567877221	0	17	17	17
Sat Sep 07 22:57:01 2019	1567877221	0	17	18	17
Sat Sep 07 22:57:01 2019	1567877221	0	17	18	17
Sat Sep 07 22:57:01 2019	1567877221	0	17	18	17
Sat Sep 07 22:57:01 2019	1567877221	0	18	18	17
Sat Sep 07 22:57:01 2019	1567877221	0	17	18	17
Sat Sep 07 22:57:01 2019	1567877221	0	18	18	17
Sat Sep 07 22:57:01 2019	1567877221	0	18	18	17
Sat Sep 07 22:57:01 2019	1567877221	0	18	18	17
Sat Sep 07 22:57:01 2019	1567877221	0	18	18	18
Sat Sep 07 22:57:01 2019	1567877221	0	18	18	18
Sat Sep 07 22:57:01 2019	1567877221	0	18	18	18
Sat Sep 07 22:57:01 2019	1567877221	0	18	18	18
Sat Sep 07 22:57:01 2019	1567877221	0	18	18	18
Sat Sep 07 22:57:01 2019	1567877221	0	18	18	17
Sat Sep 07 22:57:01 2019	1567877221	0	18	18	18
Sat Sep 07 22:57:01 2019	1567877221	0	18	18	18
Sat Sep 07 22:57:01 2019	1567877221	0	18	18	18
Sat Sep 07 22:57:01 2019	1567877221	0	18	18	18
Sat Sep 07 22:57:01 2019	1567877221	0	18	18	18
Sat Sep 07 22:57:01 2019	1567877221	0	18	18	18
Sat Sep 07 22:57:01 2019	1567877221	0	18	18	18
Sat Sep 07 22:57:01 2019	1567877221	0	18	18	18
Sat Sep 07 22:57:01 2019	1567877221	0	18	18	18
Sat Sep 07 22:57:01 2019	1567877221	0	18	18	18
Sat Sep 07 22:57:01 2019	1567877221	0	18	18	18
Sat Sep 07 22:57:01 2019	1567877221	0	18	18	18
Sat Sep 07 22:57:01 2019	1567877221	0	18	18	18
Sat Sep 07 22:57:01 2019	1567877221	0	18	18	18
Sat Sep 07 22:57:01 2019	1567877221	0	18	18	18
Sat Sep 07 22:57:01 2019	1567877221	0	18	18	18
Sat Sep 07 22:57:01 2019	1567877221	0	18	18	18
Sat Sep 07 22:57:01 2019	1567877221	0	18	18	18
Sat Sep 07 22:57:01 2019	1567877221	0	18	18	18
Sat Sep 07 22:57:01 2019	1567877221	0	18	18	18
Sat Sep 07 22:57:01 2019	1567877221	0	18	18	18
Sat Sep 07 22:57:01 2019	1567877221	0	18	18	18
Sat Sep 07 22:57:01 2019	1567877221	0	18	18	18
Sat Sep 07 22:57:01 2019	1567877221	0	18	18	18
Sat Sep 07 22:57:01 2019	1567877221	0	18	18	18
Sat Sep 07 22:57:01 2019	1567877221	0	18	18	18
Sat Sep 07 22:57:01 2019	1567877221	0	18	18	18
Sat Sep 07 22:57:01 2019	1567877221	0	18	18	18
Sat Sep 07 22:57:01 2019	1567877221	0	18	19	18
Sat Sep 07 22:57:01 2019	1567877221	0	18	19	18
Sat Sep 07 22:57:01 2019	1567877221	0	18	19	18
Sat Sep 07 22:57:01 2019	1567877221	0	19	19	19
Sat Sep 07 22:57:01 2019	1567877221	0	19	19	19
Sat Sep 07 22:57:01 2019	1567877221	0	19	19	19
Sat Sep 07 22:57:01 2019	1567877221	0	19	19	19
Sat Sep 07 22:57:01 2019	1567877221	0	19	19	19
Sat Sep 07 22:57:01 2019	1567877221	0	19	19	19
Sat Sep 07 22:57:01 2019	1567877221	0	19	19	19
Sat Sep 07 22:57:01 2019	1567877221	0	19	19	19
Sat Sep 07 22:57:01 2019	1567877221	0	19	19	19
Sat Sep 07 22:57:01 2019	1567877221	0	19	20	19
Sat Sep 07 22:57:01 2019	1567877221	0	19	20	19
Sat Sep 07 22:57:01 2019	1567877221	0	19	20	19
Sat Sep 07 22:57:01 2019	1567877221	0	19	20	19
Sat Sep 07 22:57:01 2019	1567877221	0	19	20	19
Sat Sep 07 22:57:01 2019	1567877221	0	19	20	19
Sat Sep 07 22:57:01 2019	1567877221	0	19	20	19
Sat Sep 07 22:57:01 2019	1567877221	0	19	20	19
Sat Sep 07 22:57:01 2019	1567877221	0	20	20	19
Sat Sep 07 22:57:01 2019	1567877221	0	19	20	19
Sat Sep 07 22:57:01 2019	1567877221	0	19	20	19
Sat Sep 07 22:57:01 2019	1567877221	0	20	20	19
Sat Sep 07 22:57:01 2019	1567877221	0	19	20	19
Sat Sep 07 22:57:01 2019	1567877221	0	20	20	19
Sat Sep 07 22:57:01 2019	1567877221	0	20	20	19
Sat Sep 07 22:57:01 2019	1567877221	0	19	20	19
Sat Sep 07 22:57:01 2019	1567877221	0	20	20	19
Sat Sep 07 22:57:01 2019	1567877221	0	19	20	19
Sat Sep 07 22:57:01 2019	1567877221	0	20	20	20
Sat Sep 07 22:57:01 2019	1567877221	0	20	20	19
Sat Sep 07 22:57:01 2019	1567877221	0	20	20	20
Sat Sep 07 22:57:01 2019	1567877221	0	20	20	19
Sat Sep 07 22:57:01 2019	1567877221	0	20	20	19
Sat Sep 07 22:57:01 2019	1567877221	0	20	20	20
Sat Sep 07 22:57:01 2019	1567877221	0	20	20	19
Sat Sep 07 22:57:01 2019	1567877221	0	20	20	19
Sat Sep 07 22:57:01 2019	1567877221	0	20	20	20
Sat Sep 07 22:57:01 2019	1567877221	0	20	20	20
Sat Sep 07 22:57:01 2019	1567877221	0	20	20	20
Sat Sep 07 22:57:01 2019	1567877221	0	20	20	20
Sat Sep 07 22:57:01 2019	1567877221	0	20	20	19
Sat Sep 07 22:57:00 2019	1567877220	0	20	20	20
Sat Sep 07 22:57:01 2019	1567877221	0	20	20	20
Sat Sep 07 22:57:01 2019	1567877221	0	20	20	20
Sat Sep 07 22:57:01 2019	1567877221	0	20	20	20
Sat Sep 07 22:57:01 2019	1567877221	0	20	20	20
Sat Sep 07 22:57:01 2019	1567877221	0	20	20	20
Sat Sep 07 22:57:00 2019	1567877220	0	20	20	20
Sat Sep 07 22:57:01 2019	1567877221	0	20	20	20
Sat Sep 07 22:57:01 2019	1567877221	0	20	20	20
Sat Sep 07 22:57:01 2019	1567877221	0	20	20	20
Sat Sep 07 22:57:01 2019	1567877221	0	20	20	20
Sat Sep 07 22:57:00 2019	1567877220	0	20	20	20
Sat Sep 07 22:57:01 2019	1567877221	0	20	20	20
Sat Sep 07 22:57:01 2019	1567877221	0	20	20	20
Sat Sep 07 22:57:01 2019	1567877221	0	20	20	20
Sat Sep 07 22:57:00 2019	1567877220	0	20	20	20
Sat Sep 07 22:57:00 2019	1567877220	0	20	20	20
Sat Sep 07 22:57:01 2019	1567877221	0	20	20	20
Sat Sep 07 22:57:01 2019	1567877221	0	20	20	20
Sat Sep 07 22:57:01 2019	1567877221	0	20	20	20
Sat Sep 07 22:57:01 2019	1567877221	0	20	20	20
Sat Sep 07 22:57:01 2019	1567877221	0	20	20	20
Sat Sep 07 22:57:00 2019	1567877220	0	20	20	20
Sat Sep 07 22:57:01 2019	1567877221	0	20	20	20
Sat Sep 07 22:57:00 2019	1567877220	0	20	20	20
Sat Sep 07 22:57:01 2019	1567877221	0	20	20	20
Sat Sep 07 22:57:01 2019	1567877221	0	20	20	20
Sat Sep 07 22:57:01 2019	1567877221	0	20	20	20
Sat Sep 07 22:57:01 2019	1567877221	0	20	20	20
Sat Sep 07 22:57:01 2019	1567877221	0	20	20	20
Sat Sep 07 22:57:01 2019	1567877221	0	20	20	20
Sat Sep 07 22:57:01 2019	1567877221	0	20	20	20
Sat Sep 07 22:57:01 2019	1567877221	0	20	20	20
Sat Sep 07 22:57:01 2019	1567877221	0	20	20	20
Sat Sep 07 22:57:01 2019	1567877221	0	20	20	20
Sat Sep 07 22:57:01 2019	1567877221	0	20	20	20
Sat Sep 07 22:57:01 2019	1567877221	0	20	20	20
Sat Sep 07 22:57:00 2019	1567877220	0	20	20	20
Sat Sep 07 22:57:01 2019	1567877221	0	20	20	20
Sat Sep 07 22:57:01 2019	1567877221	0	20	20	20
Sat Sep 07 22:57:00 2019	1567877220	0	20	20	20
Sat Sep 07 22:57:01 2019	1567877221	0	20	20	20
Sat Sep 07 22:57:01 2019	1567877221	0	20	20	20
Sat Sep 07 22:57:01 2019	1567877221	0	20	20	19
Sat Sep 07 22:57:01 2019	1567877221	0	20	20	20
Sat Sep 07 22:57:01 2019	1567877221	0	20	20	20
Sat Sep 07 22:57:01 2019	1567877221	0	20	20	20
Sat Sep 07 22:57:01 2019	1567877221	0	20	20	20
Sat Sep 07 22:57:00 2019	1567877220	0	20	20	20
Sat Sep 07 22:57:01 2019	1567877221	0	20	20	20
Sat Sep 07 22:57:01 2019	1567877221	0	20	20	20
Sat Sep 07 22:57:01 2019	1567877221	0	20	20	20
Sat Sep 07 22:57:01 2019	1567877221	0	20	20	20
Sat Sep 07 22:57:01 2019	1567877221	0	20	20	20
Sat Sep 07 22:57:01 2019	1567877221	0	20	20	20
Sat Sep 07 22:57:01 2019	1567877221	0	20	20	20
Sat Sep 07 22:57:01 2019	1567877221	0	20	20	20
Sat Sep 07 22:57:01 2019	1567877221	0	20	20	20
Sat Sep 07 22:57:01 2019	1567877221	0	20	20	20
Sat Sep 07 22:57:01 2019	1567877221	0	20	20	20
Sat Sep 07 22:57:01 2019	1567877221	0	20	20	18
Sat Sep 07 22:57:01 2019	1567877221	0	20	20	20
Sat Sep 07 22:57:01 2019	1567877221	0	20	20	20
Sat Sep 07 22:57:01 2019	1567877221	0	20	20	20
Sat Sep 07 22:57:01 2019	1567877221	0	20	20	20
Sat Sep 07 22:57:01 2019	1567877221	0	20	20	20
Sat Sep 07 22:57:01 2019	1567877221	0	20	20	20
Sat Sep 07 22:57:01 2019	1567877221	0	20	20	20
Sat Sep 07 22:57:01 2019	1567877221	0	20	20	20
Sat Sep 07 22:57:00 2019	1567877220	0	20	20	20
Sat Sep 07 22:57:01 2019	1567877221	0	20	20	20
Sat Sep 07 22:57:01 2019	1567877221	0	20	20	20
Sat Sep 07 22:57:00 2019	1567877220	0	20	20	20
Sat Sep 07 22:57:01 2019	1567877221	0	20	20	20
Sat Sep 07 22:57:01 2019	1567877221	0	20	20	20
Sat Sep 07 22:57:01 2019	1567877221	0	20	20	20
Sat Sep 07 22:57:01 2019	1567877221	0	20	20	20
Sat Sep 07 22:57:01 2019	1567877221	0	20	20	20
Sat Sep 07 22:57:01 2019	1567877221	0	20	20	20
Sat Sep 07 22:57:01 2019	1567877221	0	20	20	20
Sat Sep 07 22:57:01 2019	1567877221	0	20	20	20
Sat Sep 07 22:57:01 2019	1567877221	0	20	20	20
Sat Sep 07 22:57:01 2019	1567877221	0	20	21	20
Sat Sep 07 22:57:01 2019	1567877221	0	20	21	20
Sat Sep 07 22:57:01 2019	1567877221	0	20	21	20
Sat Sep 07 22:57:01 2019	1567877221	0	20	21	20
Sat Sep 07 22:57:01 2019	1567877221	0	20	21	20
Sat Sep 07 22:57:01 2019	1567877221	0	20	21	20
Sat Sep 07 22:57:01 2019	1567877221	0	20	21	20
Sat Sep 07 22:57:01 2019	1567877221	0	20	21	20
Sat Sep 07 22:57:01 2019	1567877221	0	20	21	20
Sat Sep 07 22:57:01 2019	1567877221	0	20	21	20
Sat Sep 07 22:57:01 2019	1567877221	0	20	21	20
Sat Sep 07 22:57:01 2019	1567877221	0	20	21	20
Sat Sep 07 22:57:01 2019	1567877221	0	20	21	20
Sat Sep 07 22:57:01 2019	1567877221	0	20	21	20
Sat Sep 07 22:57:01 2019	1567877221	0	20	21	20
Sat Sep 07 22:57:01 2019	1567877221	0	20	21	20
Sat Sep 07 22:57:01 2019	1567877221	0	20	21	20
Sat Sep 07 22:57:01 2019	1567877221	0	20	21	20
Sat Sep 07 22:57:01 2019	1567877221	0	20	21	20
Sat Sep 07 22:57:01 2019	1567877221	0	20	21	20
Sat Sep 07 22:57:01 2019	1567877221	0	20	21	20
Sat Sep 07 22:57:01 2019	1567877221	0	20	21	20
Sat Sep 07 22:57:01 2019	1567877221	0	20	21	18
Sat Sep 07 22:57:01 2019	1567877221	0	20	21	20
Sat Sep 07 22:57:01 2019	1567877221	0	21	21	21
Sat Sep 07 22:57:01 2019	1567877221	0	20	21	20
Sat Sep 07 22:57:01 2019	1567877221	1	20	21	20
Sat Sep 07 22:57:01 2019	1567877221	0	21	21	20
Sat Sep 07 22:57:01 2019	1567877221	0	21	21	21
Sat Sep 07 22:57:00 2019	1567877220	0	21	21	20
Sat Sep 07 22:57:01 2019	1567877221	0	20	21	20
Sat Sep 07 22:57:01 2019	1567877221	0	21	21	21
Sat Sep 07 22:57:01 2019	1567877221	0	21	21	20
Sat Sep 07 22:57:01 2019	1567877221	0	21	21	20
Sat Sep 07 22:57:01 2019	1567877221	0	21	21	20
Sat Sep 07 22:57:01 2019	1567877221	0	21	21	17
Sat Sep 07 22:57:01 2019	1567877221	0	21	21	21
Sat Sep 07 22:57:01 2019	1567877221	0	21	21	20
Sat Sep 07 22:57:01 2019	1567877221	0	21	21	21
Sat Sep 07 22:57:01 2019	1567877221	0	21	21	20
Sat Sep 07 22:57:01 2019	1567877221	0	21	21	20
Sat Sep 07 22:57:01 2019	1567877221	0	21	21	20
Sat Sep 07 22:57:01 2019	1567877221	0	21	21	21
Sat Sep 07 22:57:00 2019	1567877220	0	21	21	21
Sat Sep 07 22:57:01 2019	1567877221	0	21	21	21
Sat Sep 07 22:57:01 2019	1567877221	2	19	21	19
Sat Sep 07 22:57:01 2019	1567877221	0	21	21	21
Sat Sep 07 22:57:01 2019	1567877221	0	21	21	21
Sat Sep 07 22:57:01 2019	1567877221	0	21	21	21
Sat Sep 07 22:57:01 2019	1567877221	0	21	21	20
Sat Sep 07 22:57:01 2019	1567877221	0	21	21	21
Sat Sep 07 22:57:01 2019	1567877221	0	21	21	21
Sat Sep 07 22:57:01 2019	1567877221	0	21	21	21
Sat Sep 07 22:57:01 2019	1567877221	0	21	21	21
Sat Sep 07 22:57:01 2019	1567877221	0	21	21	21
Sat Sep 07 22:57:01 2019	1567877221	0	21	21	21
Sat Sep 07 22:57:01 2019	1567877221	0	21	21	21
Sat Sep 07 22:57:01 2019	1567877221	0	21	21	21
Sat Sep 07 22:57:01 2019	1567877221	0	21	21	21
Sat Sep 07 22:57:01 2019	1567877221	0	21	21	21
Sat Sep 07 22:57:01 2019	1567877221	0	21	21	21
Sat Sep 07 22:57:01 2019	1567877221	0	21	21	21
Sat Sep 07 22:57:01 2019	1567877221	0	21	21	21
Sat Sep 07 22:57:01 2019	1567877221	0	21	21	21
Sat Sep 07 22:57:01 2019	1567877221	0	21	21	21
Sat Sep 07 22:57:01 2019	1567877221	0	21	21	21
Sat Sep 07 22:57:01 2019	1567877221	0	21	21	21
Sat Sep 07 22:57:01 2019	1567877221	0	21	21	21
Sat Sep 07 22:57:01 2019	1567877221	0	21	21	21
Sat Sep 07 22:57:01 2019	1567877221	0	21	21	21
Sat Sep 07 22:57:00 2019	1567877220	0	21	21	21
Sat Sep 07 22:57:01 2019	1567877221	0	21	21	21
Sat Sep 07 22:57:01 2019	1567877221	0	21	21	21
Sat Sep 07 22:57:01 2019	1567877221	0	21	21	21
Sat Sep 07 22:57:01 2019	1567877221	0	21	21	21
Sat Sep 07 22:57:01 2019	1567877221	0	21	21	21
Sat Sep 07 22:57:01 2019	1567877221	0	21	21	21
Sat Sep 07 22:57:01 2019	1567877221	0	21	21	21
Sat Sep 07 22:57:01 2019	1567877221	0	21	21	21
Sat Sep 07 22:57:00 2019	1567877220	0	21	21	21
Sat Sep 07 22:57:01 2019	1567877221	0	21	21	21
Sat Sep 07 22:57:01 2019	1567877221	0	21	21	21
Sat Sep 07 22:57:01 2019	1567877221	0	21	22	21
Sat Sep 07 22:57:01 2019	1567877221	0	21	22	21
Sat Sep 07 22:57:01 2019	1567877221	0	21	22	21
Sat Sep 07 22:57:01 2019	1567877221	0	21	22	21
Sat Sep 07 22:57:01 2019	1567877221	0	21	22	21
Sat Sep 07 22:57:01 2019	1567877221	0	21	22	21
Sat Sep 07 22:57:01 2019	1567877221	0	21	22	21
Sat Sep 07 22:57:01 2019	1567877221	0	21	22	21
Sat Sep 07 22:57:01 2019	1567877221	0	22	22	21
Sat Sep 07 22:57:01 2019	1567877221	0	21	22	21
Sat Sep 07 22:57:01 2019	1567877221	0	22	22	21
Sat Sep 07 22:57:01 2019	1567877221	0	22	22	18
Sat Sep 07 22:57:01 2019	1567877221	0	21	22	21
Sat Sep 07 22:57:01 2019	1567877221	0	22	22	22
Sat Sep 07 22:57:01 2019	1567877221	0	22	22	21
Sat Sep 07 22:57:01 2019	1567877221	0	22	22	21
Sat Sep 07 22:57:01 2019	1567877221	0	22	22	22
Sat Sep 07 22:57:01 2019	1567877221	0	22	22	22
Sat Sep 07 22:57:01 2019	1567877221	0	22	22	21
Sat Sep 07 22:57:01 2019	1567877221	0	22	22	22
Sat Sep 07 22:57:01 2019	1567877221	0	22	22	22
Sat Sep 07 22:57:01 2019	1567877221	0	22	22	22
Sat Sep 07 22:57:01 2019	1567877221	0	22	22	22
Sat Sep 07 22:57:01 2019	1567877221	0	22	22	22
Sat Sep 07 22:57:01 2019	1567877221	0	22	22	21
Sat Sep 07 22:57:01 2019	1567877221	0	22	22	22
Sat Sep 07 22:57:00 2019	1567877220	0	22	22	22
Sat Sep 07 22:57:01 2019	1567877221	0	22	22	22
Sat Sep 07 22:57:01 2019	1567877221	0	22	22	21
Sat Sep 07 22:57:01 2019	1567877221	0	22	22	22
Sat Sep 07 22:57:01 2019	1567877221	0	22	22	22
Sat Sep 07 22:57:01 2019	1567877221	0	22	22	22
Sat Sep 07 22:57:01 2019	1567877221	0	22	22	22
Sat Sep 07 22:57:01 2019	1567877221	0	22	22	22
Sat Sep 07 22:57:01 2019	1567877221	0	22	22	22
Sat Sep 07 22:57:01 2019	1567877221	0	22	22	22
Sat Sep 07 22:57:01 2019	1567877221	0	22	22	22
Sat Sep 07 22:57:01 2019	1567877221	0	22	22	22
Sat Sep 07 22:57:01 2019	1567877221	0	22	22	22
Sat Sep 07 22:57:01 2019	1567877221	0	22	22	22
Sat Sep 07 22:57:01 2019	1567877221	0	22	22	22
Sat Sep 07 22:57:01 2019	1567877221	0	22	22	22
Sat Sep 07 22:57:01 2019	1567877221	0	22	22	22
Sat Sep 07 22:57:01 2019	1567877221	0	22	22	22
Sat Sep 07 22:57:01 2019	1567877221	0	22	22	22
Sat Sep 07 22:57:01 2019	1567877221	0	22	22	22
Sat Sep 07 22:57:00 2019	1567877220	0	22	22	22
Sat Sep 07 22:57:01 2019	1567877221	0	22	22	22
Sat Sep 07 22:57:01 2019	1567877221	0	22	22	22
Sat Sep 07 22:57:01 2019	1567877221	0	22	22	22
Sat Sep 07 22:57:01 2019	1567877221	0	22	22	22
Sat Sep 07 22:57:01 2019	1567877221	0	22	22	22
Sat Sep 07 22:57:01 2019	1567877221	0	22	22	22
Sat Sep 07 22:57:01 2019	1567877221	0	22	22	22
Sat Sep 07 22:57:01 2019	1567877221	0	22	22	22
Sat Sep 07 22:57:01 2019	1567877221	0	22	22	22
Sat Sep 07 22:57:01 2019	1567877221	0	22	22	22
Sat Sep 07 22:57:01 2019	1567877221	0	22	22	22
Sat Sep 07 22:57:01 2019	1567877221	0	22	22	22
Sat Sep 07 22:57:01 2019	1567877221	0	22	22	22
Sat Sep 07 22:57:00 2019	1567877220	1	22	22	22
Sat Sep 07 22:57:01 2019	1567877221	0	22	22	22
Sat Sep 07 22:57:01 2019	1567877221	0	22	22	22
Sat Sep 07 22:57:01 2019	1567877221	0	22	22	22
Sat Sep 07 22:57:01 2019	1567877221	1	21	22	21
Sat Sep 07 22:57:01 2019	1567877221	0	22	22	22
Sat Sep 07 22:57:01 2019	1567877221	0	22	22	22
Sat Sep 07 22:57:01 2019	1567877221	0	22	22	22
Sat Sep 07 22:57:01 2019	1567877221	0	22	22	22
Sat Sep 07 22:57:01 2019	1567877221	0	22	23	22
Sat Sep 07 22:57:01 2019	1567877221	0	22	23	22
Sat Sep 07 22:57:01 2019	1567877221	0	22	23	22
Sat Sep 07 22:57:01 2019	1567877221	0	22	23	22
Sat Sep 07 22:57:01 2019	1567877221	0	22	23	22
Sat Sep 07 22:57:01 2019	1567877221	0	22	23	22
Sat Sep 07 22:57:01 2019	1567877221	0	22	23	22
Sat Sep 07 22:57:01 2019	1567877221	0	22	23	22
Sat Sep 07 22:57:01 2019	1567877221	1	22	23	22
Sat Sep 07 22:57:01 2019	1567877221	0	22	23	22
Sat Sep 07 22:57:01 2019	1567877221	0	22	23	22
Sat Sep 07 22:57:01 2019	1567877221	0	22	23	22
Sat Sep 07 22:57:01 2019	1567877221	0	22	23	22
Sat Sep 07 22:57:01 2019	1567877221	0	22	23	22
Sat Sep 07 22:57:01 2019	1567877221	0	22	23	22
Sat Sep 07 22:57:01 2019	1567877221	0	22	23	22
Sat Sep 07 22:57:01 2019	1567877221	0	22	23	22
Sat Sep 07 22:57:01 2019	1567877221	0	23	23	23
Sat Sep 07 22:57:01 2019	1567877221	0	22	23	22
Sat Sep 07 22:57:01 2019	1567877221	0	23	23	22
Sat Sep 07 22:57:01 2019	1567877221	0	22	23	22
Sat Sep 07 22:57:01 2019	1567877221	0	23	23	22
Sat Sep 07 22:57:01 2019	1567877221	0	23	23	22
Sat Sep 07 22:57:01 2019	1567877221	0	23	23	22
Sat Sep 07 22:57:01 2019	1567877221	0	23	23	22
Sat Sep 07 22:57:01 2019	1567877221	0	23	23	22
Sat Sep 07 22:57:01 2019	1567877221	0	23	23	23
Sat Sep 07 22:57:01 2019	1567877221	0	23	23	22
Sat Sep 07 22:57:01 2019	1567877221	0	23	23	23
Sat Sep 07 22:57:01 2019	1567877221	0	23	23	22
Sat Sep 07 22:57:01 2019	1567877221	0	23	23	22
Sat Sep 07 22:57:01 2019	1567877221	0	23	23	23
Sat Sep 07 22:57:01 2019	1567877221	0	23	23	23
Sat Sep 07 22:57:01 2019	1567877221	0	23	23	22
Sat Sep 07 22:57:01 2019	1567877221	0	23	23	23
Sat Sep 07 22:57:01 2019	1567877221	0	23	23	22
Sat Sep 07 22:57:01 2019	1567877221	0	23	23	23
Sat Sep 07 22:57:01 2019	1567877221	0	23	23	22
Sat Sep 07 22:57:01 2019	1567877221	0	23	23	22
Sat Sep 07 22:57:01 2019	1567877221	0	23	23	23
Sat Sep 07 22:57:01 2019	1567877221	0	23	23	23
Sat Sep 07 22:57:01 2019	1567877221	0	23	23	23
Sat Sep 07 22:57:01 2019	1567877221	0	23	23	23
Sat Sep 07 22:57:01 2019	1567877221	0	23	23	23
Sat Sep 07 22:57:01 2019	1567877221	0	23	23	23
Sat Sep 07 22:57:01 2019	1567877221	0	23	23	23
Sat Sep 07 22:57:01 2019	1567877221	0	23	23	23
Sat Sep 07 22:57:00 2019	1567877220	0	23	23	23
Sat Sep 07 22:57:01 2019	1567877221	0	23	23	23
Sat Sep 07 22:57:00 2019	1567877220	0	23	23	23
Sat Sep 07 22:57:00 2019	1567877220	0	23	23	23
Sat Sep 07 22:57:01 2019	1567877221	0	23	23	23
Sat Sep 07 22:57:01 2019	1567877221	0	23	23	23
Sat Sep 07 22:57:00 2019	1567877220	0	23	23	23
Sat Sep 07 22:57:01 2019	1567877221	0	23	23	23
Sat Sep 07 22:57:01 2019	1567877221	0	23	23	23
Sat Sep 07 22:57:01 2019	1567877221	0	23	23	23
Sat Sep 07 22:57:01 2019	1567877221	0	23	23	23
Sat Sep 07 22:57:01 2019	1567877221	0	23	23	23
Sat Sep 07 22:57:01 2019	1567877221	0	23	23	23
Sat Sep 07 22:57:01 2019	1567877221	0	23	23	23
Sat Sep 07 22:57:01 2019	1567877221	0	23	23	23
Sat Sep 07 22:57:01 2019	1567877221	0	23	23	23
Sat Sep 07 22:57:01 2019	1567877221	0	23	23	23
Sat Sep 07 22:57:01 2019	1567877221	0	23	23	23
Sat Sep 07 22:57:01 2019	1567877221	0	23	23	23
Sat Sep 07 22:57:01 2019	1567877221	0	23	23	23
Sat Sep 07 22:57:01 2019	1567877221	0	23	23	23
Sat Sep 07 22:57:01 2019	1567877221	0	23	23	23
Sat Sep 07 22:57:01 2019	1567877221	0	23	23	23
Sat Sep 07 22:57:01 2019	1567877221	0	23	23	23
Sat Sep 07 22:57:01 2019	1567877221	0	23	23	23
Sat Sep 07 22:57:01 2019	1567877221	0	23	23	23
Sat Sep 07 22:57:01 2019	1567877221	0	23	23	23
Sat Sep 07 22:57:01 2019	1567877221	0	23	23	23
Sat Sep 07 22:57:01 2019	1567877221	0	23	23	23
Sat Sep 07 22:57:01 2019	1567877221	0	23	23	23
Sat Sep 07 22:57:01 2019	1567877221	0	23	23	23
Sat Sep 07 22:57:00 2019	1567877220	0	23	23	23
Sat Sep 07 22:57:00 2019	1567877220	0	23	23	23
Sat Sep 07 22:57:01 2019	1567877221	0	23	23	19
Sat Sep 07 22:57:01 2019	1567877221	0	23	23	23
Sat Sep 07 22:57:01 2019	1567877221	0	23	23	23
Sat Sep 07 22:57:01 2019	1567877221	0	23	23	23
Sat Sep 07 22:57:00 2019	1567877220	0	23	23	23
Sat Sep 07 22:57:01 2019	1567877221	0	23	23	23
Sat Sep 07 22:57:01 2019	1567877221	0	23	23	23
Sat Sep 07 22:57:01 2019	1567877221	0	23	23	23
Sat Sep 07 22:57:01 2019	1567877221	0	23	23	23
Sat Sep 07 22:57:01 2019	1567877221	0	23	24	23
Sat Sep 07 22:57:01 2019	1567877221	0	23	24	23
Sat Sep 07 22:57:01 2019	1567877221	0	23	24	23
Sat Sep 07 22:57:01 2019	1567877221	0	23	24	23
Sat Sep 07 22:57:01 2019	1567877221	0	23	24	23
Sat Sep 07 22:57:01 2019	1567877221	0	23	24	23
Sat Sep 07 22:57:00 2019	1567877220	0	23	24	23
Sat Sep 07 22:57:01 2019	1567877221	0	23	24	23
Sat Sep 07 22:57:01 2019	1567877221	0	23	24	23
Sat Sep 07 22:57:00 2019	1567877220	0	23	24	23
Sat Sep 07 22:57:01 2019	1567877221	0	24	24	23
Sat Sep 07 22:57:01 2019	1567877221	0	23	24	23
Sat Sep 07 22:57:01 2019	1567877221	0	24	24	23
Sat Sep 07 22:57:01 2019	1567877221	0	24	24	23
Sat Sep 07 22:57:01 2019	1567877221	0	24	24	24
Sat Sep 07 22:57:01 2019	1567877221	0	24	24	23
Sat Sep 07 22:57:01 2019	1567877221	0	24	24	23
Sat Sep 07 22:57:01 2019	1567877221	0	24	24	23
Sat Sep 07 22:57:01 2019	1567877221	0	24	24	24
Sat Sep 07 22:57:00 2019	1567877220	0	24	24	24
Sat Sep 07 22:57:01 2019	1567877221	0	24	24	24
Sat Sep 07 22:57:01 2019	1567877221	0	24	24	24
Sat Sep 07 22:57:01 2019	1567877221	0	24	24	24
Sat Sep 07 22:57:01 2019	1567877221	0	24	24	24
Sat Sep 07 22:57:01 2019	1567877221	0	24	24	24
Sat Sep 07 22:57:01 2019	1567877221	0	24	24	24
Sat Sep 07 22:57:01 2019	1567877221	0	24	24	24
Sat Sep 07 22:57:01 2019	1567877221	0	24	24	24
Sat Sep 07 22:57:01 2019	1567877221	0	24	24	23
Sat Sep 07 22:57:01 2019	1567877221	0	24	24	24
Sat Sep 07 22:57:01 2019	1567877221	0	24	24	24
Sat Sep 07 22:57:01 2019	1567877221	0	24	24	24
Sat Sep 07 22:57:01 2019	1567877221	0	24	24	24
Sat Sep 07 22:57:00 2019	1567877220	0	24	24	24
Sat Sep 07 22:57:01 2019	1567877221	0	24	24	24
Sat Sep 07 22:57:01 2019	1567877221	0	24	24	24
Sat Sep 07 22:57:01 2019	1567877221	0	24	24	24
Sat Sep 07 22:57:01 2019	1567877221	0	24	24	23
Sat Sep 07 22:57:00 2019	1567877220	0	24	24	24
Sat Sep 07 22:57:01 2019	1567877221	0	24	24	24
Sat Sep 07 22:57:01 2019	1567877221	0	24	24	24
Sat Sep 07 22:57:01 2019	1567877221	0	24	24	24
Sat Sep 07 22:57:01 2019	1567877221	0	24	24	24
Sat Sep 07 22:57:00 2019	1567877220	0	24	24	24
Sat Sep 07 22:57:01 2019	1567877221	0	24	24	24
Sat Sep 07 22:57:01 2019	1567877221	0	24	24	24
Sat Sep 07 22:57:01 2019	1567877221	0	24	24	24
Sat Sep 07 22:57:01 2019	1567877221	0	24	24	24
Sat Sep 07 22:57:01 2019	1567877221	0	24	24	24
Sat Sep 07 22:57:01 2019	1567877221	0	24	24	24
Sat Sep 07 22:57:01 2019	1567877221	0	24	24	24
Sat Sep 07 22:57:01 2019	1567877221	0	24	24	24
Sat Sep 07 22:57:01 2019	1567877221	0	24	24	21
Sat Sep 07 22:57:01 2019	1567877221	0	24	24	24
Sat Sep 07 22:57:01 2019	1567877221	0	24	24	24
Sat Sep 07 22:57:01 2019	1567877221	0	24	24	24
Sat Sep 07 22:57:01 2019	1567877221	0	24	24	24
Sat Sep 07 22:57:01 2019	1567877221	0	24	24	23
Sat Sep 07 22:57:01 2019	1567877221	0	24	24	24
Sat Sep 07 22:57:01 2019	1567877221	0	24	24	24
Sat Sep 07 22:57:01 2019	1567877221	0	24	24	24
Sat Sep 07 22:57:01 2019	1567877221	0	24	24	24
Sat Sep 07 22:57:01 2019	1567877221	0	24	24	24
Sat Sep 07 22:57:01 2019	1567877221	0	24	24	24
Sat Sep 07 22:57:01 2019	1567877221	0	24	24	24
Sat Sep 07 22:57:01 2019	1567877221	0	24	24	24
Sat Sep 07 22:57:00 2019	1567877220	0	24	24	24
Sat Sep 07 22:57:01 2019	1567877221	0	24	24	24
Sat Sep 07 22:57:01 2019	1567877221	0	24	24	24
Sat Sep 07 22:57:01 2019	1567877221	0	24	24	24
Sat Sep 07 22:57:01 2019	1567877221	0	24	24	24
Sat Sep 07 22:57:00 2019	1567877220	0	24	24	24
Sat Sep 07 22:57:01 2019	1567877221	0	24	24	24
Sat Sep 07 22:57:01 2019	1567877221	0	24	24	24
Sat Sep 07 22:57:01 2019	1567877221	0	24	24	24
Sat Sep 07 22:57:01 2019	1567877221	0	24	24	24
Sat Sep 07 22:57:01 2019	1567877221	0	24	24	20
Sat Sep 07 22:57:00 2019	1567877220	0	24	24	24
Sat Sep 07 22:57:01 2019	1567877221	0	24	24	24
Sat Sep 07 22:57:00 2019	1567877220	0	24	25	24
Sat Sep 07 22:57:01 2019	1567877221	0	24	25	24
Sat Sep 07 22:57:01 2019	1567877221	0	24	25	24
Sat Sep 07 22:57:01 2019	1567877221	0	24	25	20
Sat Sep 07 22:57:01 2019	1567877221	0	24	25	24
Sat Sep 07 22:57:00 2019	1567877220	1	24	25	24
Sat Sep 07 22:57:00 2019	1567877220	0	24	25	24
Sat Sep 07 22:57:01 2019	1567877221	0	24	25	24
Sat Sep 07 22:57:01 2019	1567877221	0	24	25	24
Sat Sep 07 22:57:01 2019	1567877221	2	23	25	23
Sat Sep 07 22:57:00 2019	1567877220	0	24	25	24
Sat Sep 07 22:57:01 2019	1567877221	1	24	25	24
Sat Sep 07 22:57:01 2019	1567877221	0	24	25	24
Sat Sep 07 22:57:01 2019	1567877221	0	25	25	25
Sat Sep 07 22:57:00 2019	1567877220	0	25	25	24
Sat Sep 07 22:57:01 2019	1567877221	0	25	25	24
Sat Sep 07 22:57:01 2019	1567877221	0	25	25	24
Sat Sep 07 22:57:00 2019	1567877220	0	25	25	25
Sat Sep 07 22:57:00 2019	1567877220	0	24	25	24
Sat Sep 07 22:57:01 2019	1567877221	0	25	25	24
Sat Sep 07 22:57:00 2019	1567877220	0	25	25	24
Sat Sep 07 22:57:00 2019	1567877220	0	25	25	24
Sat Sep 07 22:57:00 2019	1567877220	0	25	25	25
Sat Sep 07 22:57:01 2019	1567877221	0	25	25	24
Sat Sep 07 22:57:00 2019	1567877220	0	25	25	25
Sat Sep 07 22:57:00 2019	1567877220	1	24	25	24
Sat Sep 07 22:57:00 2019	1567877220	0	25	25	25
Sat Sep 07 22:57:01 2019	1567877221	0	25	25	25
Sat Sep 07 22:57:00 2019	1567877220	0	25	25	25
Sat Sep 07 22:57:00 2019	1567877220	0	25	25	25
Sat Sep 07 22:57:01 2019	1567877221	0	25	25	24
Sat Sep 07 22:57:01 2019	1567877221	0	25	25	25
Sat Sep 07 22:57:00 2019	1567877220	0	25	25	25
Sat Sep 07 22:57:00 2019	1567877220	0	25	25	25
Sat Sep 07 22:57:00 2019	1567877220	0	25	25	25
Sat Sep 07 22:57:01 2019	1567877221	0	25	25	25
Sat Sep 07 22:57:01 2019	1567877221	0	25	25	25
Sat Sep 07 22:57:01 2019	1567877221	0	25	25	25
Sat Sep 07 22:57:00 2019	1567877220	0	25	25	25
Sat Sep 07 22:57:01 2019	1567877221	0	25	25	25
Sat Sep 07 22:57:00 2019	1567877220	0	25	25	25
Sat Sep 07 22:57:01 2019	1567877221	0	25	25	25
Sat Sep 07 22:57:00 2019	1567877220	0	25	25	25
Sat Sep 07 22:57:01 2019	1567877221	1	24	25	24
Sat Sep 07 22:57:00 2019	1567877220	1	25	25	24
Sat Sep 07 22:57:01 2019	1567877221	0	25	25	25
Sat Sep 07 22:57:00 2019	1567877220	0	25	25	25
Sat Sep 07 22:57:00 2019	1567877220	0	25	25	25
Sat Sep 07 22:57:00 2019	1567877220	0	25	25	25
Sat Sep 07 22:57:01 2019	1567877221	0	25	25	25
Sat Sep 07 22:57:00 2019	1567877220	0	25	25	25
Sat Sep 07 22:57:00 2019	1567877220	0	25	25	25
Sat Sep 07 22:57:00 2019	1567877220	0	25	25	25
Sat Sep 07 22:57:01 2019	1567877221	0	25	25	25
Sat Sep 07 22:57:00 2019	1567877220	0	25	25	25
Sat Sep 07 22:57:00 2019	1567877220	0	25	25	25
Sat Sep 07 22:57:00 2019	1567877220	1	25	25	25
Sat Sep 07 22:57:00 2019	1567877220	0	25	26	25
Sat Sep 07 22:57:00 2019	1567877220	0	25	26	25
Sat Sep 07 22:57:01 2019	1567877221	0	25	26	25
Sat Sep 07 22:57:00 2019	1567877220	0	25	26	25
Sat Sep 07 22:57:01 2019	1567877221	0	25	26	25
Sat Sep 07 22:57:01 2019	1567877221	0	25	26	25
Sat Sep 07 22:57:00 2019	1567877220	0	25	26	25
Sat Sep 07 22:57:01 2019	1567877221	0	25	26	25
Sat Sep 07 22:57:01 2019	1567877221	0	26	26	25
Sat Sep 07 22:57:00 2019	1567877220	0	26	26	25
Sat Sep 07 22:57:00 2019	1567877220	0	26	26	25
Sat Sep 07 22:57:01 2019	1567877221	0	25	26	25
Sat Sep 07 22:57:01 2019	1567877221	0	25	26	25
Sat Sep 07 22:57:00 2019	1567877220	0	26	26	25
Sat Sep 07 22:57:01 2019	1567877221	0	26	26	25
Sat Sep 07 22:57:00 2019	1567877220	0	26	26	25
Sat Sep 07 22:57:01 2019	1567877221	0	25	26	25
Sat Sep 07 22:57:00 2019	1567877220	0	26	26	25
Sat Sep 07 22:57:00 2019	1567877220	0	26	26	26
Sat Sep 07 22:57:00 2019	1567877220	0	26	26	25
Sat Sep 07 22:57:00 2019	1567877220	0	26	26	25
Sat Sep 07 22:57:01 2019	1567877221	0	26	26	25
Sat Sep 07 22:57:01 2019	1567877221	0	26	26	25
Sat Sep 07 22:57:00 2019	1567877220	0	26	26	26
Sat Sep 07 22:57:00 2019	1567877220	0	26	26	26
Sat Sep 07 22:57:00 2019	1567877220	0	26	26	26
Sat Sep 07 22:57:00 2019	1567877220	0	26	26	26
Sat Sep 07 22:57:01 2019	1567877221	0	26	26	26
Sat Sep 07 22:57:01 2019	1567877221	0	26	26	23
Sat Sep 07 22:57:00 2019	1567877220	0	26	26	26
Sat Sep 07 22:57:00 2019	1567877220	0	26	26	26
Sat Sep 07 22:57:00 2019	1567877220	0	26	26	26
Sat Sep 07 22:57:01 2019	1567877221	0	26	26	26
Sat Sep 07 22:57:00 2019	1567877220	0	26	26	26
Sat Sep 07 22:57:01 2019	1567877221	0	26	26	26
Sat Sep 07 22:57:01 2019	1567877221	0	26	26	25
Sat Sep 07 22:57:00 2019	1567877220	0	26	26	26
Sat Sep 07 22:57:01 2019	1567877221	0	26	26	26
Sat Sep 07 22:57:01 2019	1567877221	0	26	26	26
Sat Sep 07 22:57:01 2019	1567877221	0	26	26	25
Sat Sep 07 22:57:01 2019	1567877221	0	26	26	26
Sat Sep 07 22:57:00 2019	1567877220	0	26	26	26
Sat Sep 07 22:57:00 2019	1567877220	1	25	26	25
Sat Sep 07 22:57:00 2019	1567877220	0	26	26	26
Sat Sep 07 22:57:01 2019	1567877221	0	26	26	26
Sat Sep 07 22:57:01 2019	1567877221	0	26	26	26
Sat Sep 07 22:57:01 2019	1567877221	0	26	26	26
Sat Sep 07 22:57:01 2019	1567877221	0	26	26	26
Sat Sep 07 22:57:01 2019	1567877221	0	26	26	26
Sat Sep 07 22:57:01 2019	1567877221	0	26	26	26
Sat Sep 07 22:57:00 2019	1567877220	0	26	26	26
Sat Sep 07 22:57:01 2019	1567877221	0	26	26	26
Sat Sep 07 22:57:01 2019	1567877221	0	26	26	26
Sat Sep 07 22:57:01 2019	1567877221	0	26	26	26
Sat Sep 07 22:57:01 2019	1567877221	0	26	26	26
Sat Sep 07 22:57:01 2019	1567877221	0	26	26	26
Sat Sep 07 22:57:01 2019	1567877221	0	26	26	26
Sat Sep 07 22:57:01 2019	1567877221	0	26	26	26
Sat Sep 07 22:57:00 2019	1567877220	0	26	26	26
Sat Sep 07 22:57:01 2019	1567877221	0	26	26	26
Sat Sep 07 22:57:01 2019	1567877221	0	26	26	26
Sat Sep 07 22:57:00 2019	1567877220	0	26	26	26
Sat Sep 07 22:57:01 2019	1567877221	0	26	26	26
Sat Sep 07 22:57:01 2019	1567877221	1	26	26	26
Sat Sep 07 22:57:01 2019	1567877221	0	26	26	26
Sat Sep 07 22:57:01 2019	1567877221	0	26	26	23
Sat Sep 07 22:57:00 2019	1567877220	0	26	26	26
Sat Sep 07 22:57:01 2019	1567877221	0	26	26	23
Sat Sep 07 22:57:01 2019	1567877221	0	26	26	26
Sat Sep 07 22:57:01 2019	1567877221	0	26	26	26
Sat Sep 07 22:57:01 2019	1567877221	0	26	26	26
Sat Sep 07 22:57:01 2019	1567877221	0	26	26	26
Sat Sep 07 22:57:01 2019	1567877221	0	26	26	26
Sat Sep 07 22:57:01 2019	1567877221	0	26	27	26
Sat Sep 07 22:57:01 2019	1567877221	0	26	27	26
Sat Sep 07 22:57:01 2019	1567877221	0	26	27	26
Sat Sep 07 22:57:01 2019	1567877221	0	26	27	26
Sat Sep 07 22:57:01 2019	1567877221	0	26	27	26
Sat Sep 07 22:57:01 2019	1567877221	0	26	27	26
Sat Sep 07 22:57:01 2019	1567877221	0	26	27	26
Sat Sep 07 22:57:00 2019	1567877220	0	26	27	26
Sat Sep 07 22:57:01 2019	1567877221	0	26	27	26
Sat Sep 07 22:57:01 2019	1567877221	0	27	27	26
Sat Sep 07 22:57:01 2019	1567877221	0	26	27	26
Sat Sep 07 22:57:01 2019	1567877221	0	26	27	26
Sat Sep 07 22:57:01 2019	1567877221	0	27	27	26
Sat Sep 07 22:57:01 2019	1567877221	0	26	27	26
Sat Sep 07 22:57:01 2019	1567877221	0	27	27	27
Sat Sep 07 22:57:01 2019	1567877221	0	27	27	26
Sat Sep 07 22:57:01 2019	1567877221	0	27	27	27
Sat Sep 07 22:57:01 2019	1567877221	0	27	27	26
Sat Sep 07 22:57:01 2019	1567877221	0	27	27	27
Sat Sep 07 22:57:01 2019	1567877221	0	26	27	26
Sat Sep 07 22:57:01 2019	1567877221	0	27	27	26
Sat Sep 07 22:57:01 2019	1567877221	0	27	27	27
Sat Sep 07 22:57:01 2019	1567877221	1	26	27	26
Sat Sep 07 22:57:01 2019	1567877221	0	27	27	27
Sat Sep 07 22:57:01 2019	1567877221	0	27	27	26
Sat Sep 07 22:57:01 2019	1567877221	0	26	27	26
Sat Sep 07 22:57:01 2019	1567877221	0	27	27	27
Sat Sep 07 22:57:01 2019	1567877221	0	27	27	27
Sat Sep 07 22:57:00 2019	1567877220	0	27	27	27
Sat Sep 07 22:57:01 2019	1567877221	0	27	27	27
Sat Sep 07 22:57:01 2019	1567877221	0	27	27	26
Sat Sep 07 22:57:00 2019	1567877220	0	27	27	27
Sat Sep 07 22:57:00 2019	1567877220	0	27	27	26
Sat Sep 07 22:57:01 2019	1567877221	0	27	27	27
Sat Sep 07 22:57:01 2019	1567877221	0	27	27	27
Sat Sep 07 22:57:00 2019	1567877220	0	27	27	27
Sat Sep 07 22:57:01 2019	1567877221	0	27	27	25
Sat Sep 07 22:57:01 2019	1567877221	0	27	27	27
Sat Sep 07 22:57:01 2019	1567877221	0	27	27	27
Sat Sep 07 22:57:00 2019	1567877220	0	27	27	27
Sat Sep 07 22:57:01 2019	1567877221	0	27	27	27
Sat Sep 07 22:57:01 2019	1567877221	0	27	27	27
Sat Sep 07 22:57:01 2019	1567877221	0	27	27	27
Sat Sep 07 22:57:01 2019	1567877221	0	27	27	27
Sat Sep 07 22:57:01 2019	1567877221	0	27	27	27
Sat Sep 07 22:57:01 2019	1567877221	0	27	27	27
Sat Sep 07 22:57:01 2019	1567877221	0	27	27	27
Sat Sep 07 22:57:01 2019	1567877221	0	27	27	27
Sat Sep 07 22:57:01 2019	1567877221	0	27	27	27
Sat Sep 07 22:57:01 2019	1567877221	0	27	27	27
Sat Sep 07 22:57:00 2019	1567877220	0	27	27	27
Sat Sep 07 22:57:00 2019	1567877220	0	27	27	27
Sat Sep 07 22:57:01 2019	1567877221	0	27	27	27
Sat Sep 07 22:57:01 2019	1567877221	0	27	27	27
Sat Sep 07 22:57:00 2019	1567877220	0	27	27	27
Sat Sep 07 22:57:01 2019	1567877221	0	27	27	27
Sat Sep 07 22:57:00 2019	1567877220	1	27	27	27
Sat Sep 07 22:57:00 2019	1567877220	0	27	27	27
Sat Sep 07 22:57:01 2019	1567877221	0	27	27	27
Sat Sep 07 22:57:00 2019	1567877220	0	27	27	27
Sat Sep 07 22:57:01 2019	1567877221	0	27	27	27
Sat Sep 07 22:57:01 2019	1567877221	0	27	27	27
Sat Sep 07 22:57:00 2019	1567877220	0	27	27	27
Sat Sep 07 22:57:00 2019	1567877220	0	27	27	27
Sat Sep 07 22:57:01 2019	1567877221	0	27	27	27
Sat Sep 07 22:57:01 2019	1567877221	0	27	27	27
Sat Sep 07 22:57:00 2019	1567877220	0	27	27	27
Sat Sep 07 22:57:00 2019	1567877220	0	27	28	27
Sat Sep 07 22:57:01 2019	1567877221	0	27	28	27
Sat Sep 07 22:57:01 2019	1567877221	0	27	28	27
Sat Sep 07 22:57:01 2019	1567877221	0	27	28	27
Sat Sep 07 22:57:01 2019	1567877221	0	27	28	27
Sat Sep 07 22:57:01 2019	1567877221	0	27	28	27
Sat Sep 07 22:57:01 2019	1567877221	0	28	28	27
Sat Sep 07 22:57:01 2019	1567877221	0	28	28	27
Sat Sep 07 22:57:00 2019	1567877220	0	28	28	28
Sat Sep 07 22:57:00 2019	1567877220	0	28	28	27
Sat Sep 07 22:57:01 2019	1567877221	0	28	28	27
Sat Sep 07 22:57:01 2019	1567877221	0	28	28	27
Sat Sep 07 22:57:01 2019	1567877221	0	28	28	27
Sat Sep 07 22:57:01 2019	1567877221	0	28	28	28
Sat Sep 07 22:57:01 2019	1567877221	1	27	28	27
Sat Sep 07 22:57:01 2019	1567877221	0	28	28	25
Sat Sep 07 22:57:01 2019	1567877221	0	28	28	28
Sat Sep 07 22:57:01 2019	1567877221	1	27	28	27
Sat Sep 07 22:57:00 2019	1567877220	0	28	28	28
Sat Sep 07 22:57:01 2019	1567877221	0	28	28	28
Sat Sep 07 22:57:01 2019	1567877221	0	28	28	27
Sat Sep 07 22:57:01 2019	1567877221	0	28	28	28
Sat Sep 07 22:57:01 2019	1567877221	0	28	28	28
Sat Sep 07 22:57:01 2019	1567877221	0	28	28	28
Sat Sep 07 22:57:01 2019	1567877221	0	28	28	28
Sat Sep 07 22:57:01 2019	1567877221	0	28	28	28
Sat Sep 07 22:57:01 2019	1567877221	0	28	28	28
Sat Sep 07 22:57:01 2019	1567877221	0	28	28	28
Sat Sep 07 22:57:01 2019	1567877221	0	28	28	28
Sat Sep 07 22:57:01 2019	1567877221	0	28	28	28
Sat Sep 07 22:57:01 2019	1567877221	0	28	28	28
Sat Sep 07 22:57:01 2019	1567877221	0	28	28	28
Sat Sep 07 22:57:01 2019	1567877221	0	28	28	28
Sat Sep 07 22:57:01 2019	1567877221	0	28	28	28
Sat Sep 07 22:57:01 2019	1567877221	0	28	28	28
Sat Sep 07 22:57:01 2019	1567877221	0	28	28	28
Sat Sep 07 22:57:01 2019	1567877221	0	28	28	28
Sat Sep 07 22:57:01 2019	1567877221	0	28	28	28
Sat Sep 07 22:57:01 2019	1567877221	0	28	28	28
Sat Sep 07 22:57:01 2019	1567877221	0	28	28	28
Sat Sep 07 22:57:01 2019	1567877221	1	28	28	28
Sat Sep 07 22:57:01 2019	1567877221	0	28	28	28
Sat Sep 07 22:57:01 2019	1567877221	0	28	28	28
Sat Sep 07 22:57:01 2019	1567877221	0	28	28	28
Sat Sep 07 22:57:01 2019	1567877221	0	28	28	28
Sat Sep 07 22:57:01 2019	1567877221	0	28	28	28
Sat Sep 07 22:57:01 2019	1567877221	0	28	29	25
Sat Sep 07 22:57:01 2019	1567877221	0	28	29	28
Sat Sep 07 22:57:01 2019	1567877221	0	28	29	28
Sat Sep 07 22:57:00 2019	1567877220	0	28	29	28
Sat Sep 07 22:57:01 2019	1567877221	0	28	29	28
Sat Sep 07 22:57:01 2019	1567877221	0	28	29	28
Sat Sep 07 22:57:01 2019	1567877221	0	28	29	28
Sat Sep 07 22:57:01 2019	1567877221	0	28	29	28
Sat Sep 07 22:57:01 2019	1567877221	0	28	29	28
Sat Sep 07 22:57:01 2019	1567877221	0	28	29	28
Sat Sep 07 22:57:00 2019	1567877220	1	28	29	28
Sat Sep 07 22:57:00 2019	1567877220	0	28	29	28
Sat Sep 07 22:57:01 2019	1567877221	0	28	29	28
Sat Sep 07 22:57:01 2019	1567877221	0	28	29	28
Sat Sep 07 22:57:01 2019	1567877221	0	29	29	28
Sat Sep 07 22:57:00 2019	1567877220	0	29	29	29
Sat Sep 07 22:57:01 2019	1567877221	0	29	29	28
Sat Sep 07 22:57:00 2019	1567877220	0	29	29	29
Sat Sep 07 22:57:01 2019	1567877221	0	29	29	29
Sat Sep 07 22:57:01 2019	1567877221	0	29	29	29
Sat Sep 07 22:57:00 2019	1567877220	0	29	29	29
Sat Sep 07 22:57:01 2019	1567877221	0	29	29	29
Sat Sep 07 22:57:01 2019	1567877221	0	29	29	29
Sat Sep 07 22:57:01 2019	1567877221	0	29	29	29
Sat Sep 07 22:57:01 2019	1567877221	0	29	29	29
Sat Sep 07 22:57:01 2019	1567877221	0	29	29	29
Sat Sep 07 22:57:01 2019	1567877221	0	29	29	29
Sat Sep 07 22:57:00 2019	1567877220	0	29	29	29
Sat Sep 07 22:57:01 2019	1567877221	0	29	29	29
Sat Sep 07 22:57:01 2019	1567877221	0	29	29	29
Sat Sep 07 22:57:01 2019	1567877221	0	29	29	29
Sat Sep 07 22:57:00 2019	1567877220	0	29	29	29
Sat Sep 07 22:57:00 2019	1567877220	0	29	29	29
Sat Sep 07 22:57:01 2019	1567877221	0	29	29	29
Sat Sep 07 22:57:01 2019	1567877221	1	29	29	29
Sat Sep 07 22:57:01 2019	1567877221	0	29	29	29
Sat Sep 07 22:57:00 2019	1567877220	0	29	29	29
Sat Sep 07 22:57:01 2019	1567877221	0	29	29	29
Sat Sep 07 22:57:01 2019	1567877221	0	29	29	29
Sat Sep 07 22:57:01 2019	1567877221	0	29	29	29
Sat Sep 07 22:57:01 2019	1567877221	0	29	29	29
Sat Sep 07 22:57:01 2019	1567877221	0	29	29	29
Sat Sep 07 22:57:01 2019	1567877221	0	29	29	29
Sat Sep 07 22:57:01 2019	1567877221	0	29	29	29
Sat Sep 07 22:57:01 2019	1567877221	0	29	29	29
Sat Sep 07 22:57:01 2019	1567877221	0	29	30	25
Sat Sep 07 22:57:01 2019	1567877221	0	29	30	29
Sat Sep 07 22:57:01 2019	1567877221	0	29	30	29
Sat Sep 07 22:57:00 2019	1567877220	0	29	30	29
Sat Sep 07 22:57:01 2019	1567877221	0	29	30	29
Sat Sep 07 22:57:01 2019	1567877221	0	29	30	29
Sat Sep 07 22:57:01 2019	1567877221	0	30	30	29
Sat Sep 07 22:57:01 2019	1567877221	0	30	30	29
Sat Sep 07 22:57:00 2019	1567877220	0	29	30	29
Sat Sep 07 22:57:01 2019	1567877221	0	30	30	29
Sat Sep 07 22:57:00 2019	1567877220	0	29	30	29
Sat Sep 07 22:57:00 2019	1567877220	0	29	30	29
Sat Sep 07 22:57:00 2019	1567877220	0	30	30	30
Sat Sep 07 22:57:01 2019	1567877221	0	30	30	29
Sat Sep 07 22:57:01 2019	1567877221	0	30	30	29
Sat Sep 07 22:57:01 2019	1567877221	0	30	30	30
Sat Sep 07 22:57:00 2019	1567877220	0	30	30	30
Sat Sep 07 22:57:01 2019	1567877221	0	30	30	30
Sat Sep 07 22:57:00 2019	1567877220	0	30	30	30
Sat Sep 07 22:57:00 2019	1567877220	0	30	30	30
Sat Sep 07 22:57:00 2019	1567877220	0	30	30	30
Sat Sep 07 22:57:00 2019	1567877220	0	30	30	30
Sat Sep 07 22:57:00 2019	1567877220	0	30	30	30
Sat Sep 07 22:57:00 2019	1567877220	0	30	30	30
Sat Sep 07 22:57:00 2019	1567877220	0	30	30	30
Sat Sep 07 22:57:00 2019	1567877220	0	30	30	30
Sat Sep 07 22:57:00 2019	1567877220	0	30	30	30
Sat Sep 07 22:57:01 2019	1567877221	0	30	30	27
Sat Sep 07 22:57:00 2019	1567877220	0	30	30	30
Sat Sep 07 22:57:00 2019	1567877220	0	30	30	30
Sat Sep 07 22:57:00 2019	1567877220	0	30	31	30
Sat Sep 07 22:57:00 2019	1567877220	0	30	31	30
Sat Sep 07 22:57:00 2019	1567877220	0	31	31	30
Sat Sep 07 22:57:00 2019	1567877220	0	31	31	30
Sat Sep 07 22:57:00 2019	1567877220	0	31	31	30
Sat Sep 07 22:57:00 2019	1567877220	0	31	31	31
Sat Sep 07 22:57:00 2019	1567877220	0	31	31	31
Sat Sep 07 22:57:00 2019	1567877220	0	31	31	31
Sat Sep 07 22:57:00 2019	1567877220	0	31	31	31
Sat Sep 07 22:57:00 2019	1567877220	0	31	31	31
Sat Sep 07 22:57:00 2019	1567877220	0	31	31	31
Sat Sep 07 22:57:00 2019	1567877220	0	31	31	31
Sat Sep 07 22:57:00 2019	1567877220	0	31	31	31
Sat Sep 07 22:57:00 2019	1567877220	0	31	31	31
Sat Sep 07 22:57:00 2019	1567877220	0	31	31	31
Sat Sep 07 22:57:00 2019	1567877220	0	31	31	31
Sat Sep 07 22:57:00 2019	1567877220	0	31	31	31
Sat Sep 07 22:57:00 2019	1567877220	0	31	31	31
Sat Sep 07 22:57:00 2019	1567877220	0	31	31	31
Sat Sep 07 22:57:00 2019	1567877220	0	31	31	31
Sat Sep 07 22:57:00 2019	1567877220	0	31	32	31
Sat Sep 07 22:57:00 2019	1567877220	0	31	32	31
Sat Sep 07 22:57:00 2019	1567877220	0	31	32	31
Sat Sep 07 22:57:00 2019	1567877220	0	31	32	31
Sat Sep 07 22:57:00 2019	1567877220	0	31	32	31
Sat Sep 07 22:57:01 2019	1567877221	0	32	32	31
Sat Sep 07 22:57:00 2019	1567877220	0	32	32	32
Sat Sep 07 22:57:01 2019	1567877221	0	32	32	31
Sat Sep 07 22:57:01 2019	1567877221	0	32	32	32
Sat Sep 07 22:57:00 2019	1567877220	1	31	32	31
Sat Sep 07 22:57:01 2019	1567877221	0	32	32	32
Sat Sep 07 22:57:01 2019	1567877221	4	28	32	24
Sat Sep 07 22:57:01 2019	1567877221	0	32	32	28
Sat Sep 07 22:57:01 2019	1567877221	0	32	32	32
Sat Sep 07 22:57:00 2019	1567877220	0	32	32	32
Sat Sep 07 22:57:00 2019	1567877220	0	32	32	32
Sat Sep 07 22:57:01 2019	1567877221	0	32	33	32
Sat Sep 07 22:57:01 2019	1567877221	0	32	33	32
Sat Sep 07 22:57:00 2019	1567877220	2	31	33	31
Sat Sep 07 22:57:01 2019	1567877221	0	33	33	33
Sat Sep 07 22:57:00 2019	1567877220	0	33	33	33
Sat Sep 07 22:57:01 2019	1567877221	0	33	33	32
Sat Sep 07 22:57:01 2019	1567877221	0	33	33	29
Sat Sep 07 22:57:00 2019	1567877220	1	33	33	33
Sat Sep 07 22:57:01 2019	1567877221	0	33	34	33
Sat Sep 07 22:57:00 2019	1567877220	0	33	34	33
Sat Sep 07 22:57:00 2019	1567877220	0	34	34	33
Sat Sep 07 22:57:00 2019	1567877220	0	34	34	33
Sat Sep 07 22:57:00 2019	1567877220	0	34	34	34
Sat Sep 07 22:57:00 2019	1567877220	0	34	34	34
Sat Sep 07 22:57:00 2019	1567877220	0	34	34	34
Sat Sep 07 22:57:00 2019	1567877220	0	34	34	34
Sat Sep 07 22:57:00 2019	1567877220	0	34	34	34
Sat Sep 07 22:57:00 2019	1567877220	0	34	34	34
Sat Sep 07 22:57:00 2019	1567877220	0	34	34	34
Sat Sep 07 22:57:00 2019	1567877220	0	34	34	34
Sat Sep 07 22:57:00 2019	1567877220	0	34	34	34
Sat Sep 07 22:57:00 2019	1567877220	0	34	34	34
Sat Sep 07 22:57:00 2019	1567877220	1	34	34	34
Sat Sep 07 22:57:00 2019	1567877220	0	34	34	34
Sat Sep 07 22:57:00 2019	1567877220	0	34	34	34
Sat Sep 07 22:57:00 2019	1567877220	0	34	34	34
Sat Sep 07 22:57:00 2019	1567877220	0	34	34	34
Sat Sep 07 22:57:00 2019	1567877220	0	34	34	34
Sat Sep 07 22:57:00 2019	1567877220	0	34	34	34
Sat Sep 07 22:57:00 2019	1567877220	0	34	34	34
Sat Sep 07 22:57:00 2019	1567877220	0	35	35	35
Sat Sep 07 22:57:00 2019	1567877220	0	35	35	35
Sat Sep 07 22:57:00 2019	1567877220	0	35	35	35
Sat Sep 07 22:57:00 2019	1567877220	1	34	35	34
Sat Sep 07 22:57:00 2019	1567877220	0	35	36	35
Sat Sep 07 22:57:00 2019	1567877220	0	36	36	36
Sat Sep 07 22:57:00 2019	1567877220	0	36	36	36
Sat Sep 07 22:57:00 2019	1567877220	0	36	36	36
Sat Sep 07 22:57:01 2019	1567877221	0	36	36	36
Sat Sep 07 22:57:01 2019	1567877221	0	36	36	36
Sat Sep 07 22:57:01 2019	1567877221	0	36	36	36
Sat Sep 07 22:57:01 2019	1567877221	0	36	36	36
Sat Sep 07 22:57:00 2019	1567877220	1	35	36	35
Sat Sep 07 22:57:01 2019	1567877221	0	36	36	36
Sat Sep 07 22:57:01 2019	1567877221	0	36	36	36
Sat Sep 07 22:57:01 2019	1567877221	0	37	37	36
Sat Sep 07 22:57:00 2019	1567877220	0	37	37	36
Sat Sep 07 22:57:00 2019	1567877220	0	37	37	36
Sat Sep 07 22:57:01 2019	1567877221	0	36	37	36
Sat Sep 07 22:57:01 2019	1567877221	0	37	37	37
Sat Sep 07 22:57:01 2019	1567877221	0	37	37	36
Sat Sep 07 22:57:00 2019	1567877220	0	37	37	37
Sat Sep 07 22:57:00 2019	1567877220	1	36	37	36
Sat Sep 07 22:57:01 2019	1567877221	0	37	37	37
Sat Sep 07 22:57:00 2019	1567877220	0	37	37	37
Sat Sep 07 22:57:00 2019	1567877220	0	37	37	37
Sat Sep 07 22:57:01 2019	1567877221	0	37	37	37
Sat Sep 07 22:57:00 2019	1567877220	1	36	37	36
Sat Sep 07 22:57:00 2019	1567877220	0	37	37	37
Sat Sep 07 22:57:01 2019	1567877221	0	37	37	37
Sat Sep 07 22:57:01 2019	1567877221	0	37	37	37
Sat Sep 07 22:57:01 2019	1567877221	0	37	37	37
Sat Sep 07 22:57:01 2019	1567877221	0	37	37	37
Sat Sep 07 22:57:00 2019	1567877220	0	37	37	37
Sat Sep 07 22:57:01 2019	1567877221	0	37	37	37
Sat Sep 07 22:57:01 2019	1567877221	0	37	37	37
Sat Sep 07 22:57:01 2019	1567877221	0	37	37	37
Sat Sep 07 22:57:00 2019	1567877220	0	37	37	37
Sat Sep 07 22:57:01 2019	1567877221	0	37	37	37
Sat Sep 07 22:57:01 2019	1567877221	0	37	38	37
Sat Sep 07 22:57:01 2019	1567877221	0	38	38	38
Sat Sep 07 22:57:00 2019	1567877220	0	38	38	38
Sat Sep 07 22:57:00 2019	1567877220	0	37	38	37
Sat Sep 07 22:57:00 2019	1567877220	1	37	38	37
Sat Sep 07 22:57:00 2019	1567877220	0	38	38	38
Sat Sep 07 22:57:01 2019	1567877221	0	38	38	38
Sat Sep 07 22:57:00 2019	1567877220	0	38	38	38
Sat Sep 07 22:57:00 2019	1567877220	1	37	38	37
Sat Sep 07 22:57:00 2019	1567877220	1	37	38	37
Sat Sep 07 22:57:00 2019	1567877220	0	38	39	38
Sat Sep 07 22:57:00 2019	1567877220	0	38	39	38
Sat Sep 07 22:57:00 2019	1567877220	0	39	39	39
Sat Sep 07 22:57:00 2019	1567877220	0	39	39	39
Sat Sep 07 22:57:00 2019	1567877220	0	39	39	39
Sat Sep 07 22:57:00 2019	1567877220	1	38	39	38
Sat Sep 07 22:57:00 2019	1567877220	1	39	39	39
Sat Sep 07 22:57:01 2019	1567877221	0	40	40	40
Sat Sep 07 22:57:01 2019	1567877221	0	40	40	40
Sat Sep 07 22:57:00 2019	1567877220	0	40	40	40
Sat Sep 07 22:57:00 2019	1567877220	0	40	40	40
Sat Sep 07 22:57:00 2019	1567877220	1	40	40	40
Sat Sep 07 22:57:00 2019	1567877220	0	40	41	40
Sat Sep 07 22:57:00 2019	1567877220	1	40	41	40
Sat Sep 07 22:57:00 2019	1567877220	0	40	41	40
Sat Sep 07 22:57:00 2019	1567877220	0	41	41	41
Sat Sep 07 22:57:00 2019	1567877220	0	41	41	41
Sat Sep 07 22:57:00 2019	1567877220	0	41	41	41
Sat Sep 07 22:57:00 2019	1567877220	0	41	41	41
Sat Sep 07 22:57:00 2019	1567877220	0	43	43	43
Sat Sep 07 22:57:00 2019	1567877220	0	43	43	42
Sat Sep 07 22:57:00 2019	1567877220	0	43	43	43
Sat Sep 07 22:57:00 2019	1567877220	0	43	43	43
Sat Sep 07 22:57:00 2019	1567877220	0	43	43	43
Sat Sep 07 22:57:00 2019	1567877220	0	43	43	43
Sat Sep 07 22:57:00 2019	1567877220	0	43	43	43
Sat Sep 07 22:57:00 2019	1567877220	0	43	43	43
Sat Sep 07 22:57:00 2019	1567877220	0	43	43	43
Sat Sep 07 22:57:00 2019	1567877220	0	43	43	43
Sat Sep 07 22:57:00 2019	1567877220	0	43	43	43
Sat Sep 07 22:57:00 2019	1567877220	0	44	44	43
Sat Sep 07 22:57:00 2019	1567877220	0	44	44	44
Sat Sep 07 22:57:00 2019	1567877220	0	48	48	48
Sat Sep 07 22:57:00 2019	1567877220	1	47	48	47
Sat Sep 07 22:57:00 2019	1567877220	0	48	48	48
Sat Sep 07 22:57:00 2019	1567877220	0	48	48	48
Sat Sep 07 22:57:00 2019	1567877220	0	48	49	48
